// Balok L1
-0.8, 0.3, 0.1,
-0.6, 0.3, 0.1,
-0.8, -0.3, 0.1,
-0.6, -0.3, 0.1,
-0.8, 0.3, -0.1,
-0.6, 0.3, -0.1,
-0.8, -0.3, -0.1,
-0.6, -0.3, -0.1,

// Balok L2
-0.6, -0.1, 0.1,
-0.2, -0.1, 0.1,
-0.6, -0.3, 0.1,
-0.2, -0.3, 0.1,
-0.6, -0.1, -0.1,
-0.2, -0.1, -0.1,
-0.6, -0.3, -0.1,
-0.2, -0.3, -0.1,

// Balok H1
0.0, 0.3, 0.1,
0.2, 0.3, 0.1,
0.0, -0.3, 0.1,
0.2, -0.3, 0.1,
0.0, 0.3, -0.1,
0.2, 0.3, -0.1,
0.0, -0.3, -0.1,
0.2, -0.3, -0.1,

// Balok H2
0.2, 0.1, 0.1,
0.6, 0.1, 0.1,
0.2, -0.1, 0.1,
0.6, -0.1, 0.1,
0.2, 0.1, -0.1,
0.6, 0.1, -0.1,
0.2, -0.1, -0.1,
0.6, -0.1, -0.1,

// Balok H3
0.6, 0.3, 0.1,
0.8, 0.3, 0.1,
0.6, -0.3, 0.1,
0.8, -0.3, 0.1,
0.6, 0.3, -0.1,
0.8, 0.3, -0.1,
0.6, -0.3, -0.1,
0.8, -0.3, -0.1,